0:
  angle_error_deg: 1.6237315788846938
  angle_error_rad: 0.02833946222014394
  steer_point: [0.21607912521651007, 0.12714157646728358]
  wheel_offset: -0.02057778270561075
  wheel_radius: 0.0556442037771836
1:
  angle_error_deg: 1.5171316840336246
  angle_error_rad: 0.026478943072713035
  steer_point: [0.2161682085194583, -0.12474113574910896]
  wheel_offset: -0.02019284249616889
  wheel_radius: 0.05561839588402631
2:
  angle_error_deg: 1.4571315804025184
  angle_error_rad: 0.025431743712812427
  steer_point: [-0.216525444404706, -0.12494812992036874]
  wheel_offset: -0.019784596363584435
  wheel_radius: 0.05588212518010459
3:
  angle_error_deg: 2.3407275910421297
  angle_error_rad: 0.040853403355960494
  steer_point: [-0.21592056760275266, 0.12679537240967065]
  wheel_offset: -0.020222530861852824
  wheel_radius: 0.05559071105757412
