0:
  angle_error_deg: 0.8192723262811266
  angle_error_rad: 0.01429899956407893
  steer_point: [0.21655751590101885, 0.12719346231483958]
  wheel_offset: -0.020393374376990164
  wheel_radius: 0.054017941259338544
1:
  angle_error_deg: 2.1733506840067602
  angle_error_rad: 0.037932125236388836
  steer_point: [0.21663596470804705, -0.12462783997530193]
  wheel_offset: -0.020399402142701056
  wheel_radius: 0.0553127811633487
2:
  angle_error_deg: 0.8514545195798081
  angle_error_rad: 0.014860684797654178
  steer_point: [-0.21646960953598576, -0.12529928409279156]
  wheel_offset: -0.020283781740235797
  wheel_radius: 0.0559897165329595
3:
  angle_error_deg: 1.5893449492168423
  angle_error_rad: 0.02773930231377597
  steer_point: [-0.2166774811956564, 0.12665914248919471]
  wheel_offset: -0.02053556198540122
  wheel_radius: 0.05563325844492815
