0:
  angle_error_deg: 0.6343998758172515
  angle_error_rad: 0.011072366607254192
  steer_point: [0.21616308116523533, 0.12696082052658558]
  wheel_offset: -0.02039073645564105
  wheel_radius: 0.05395805179593473
1:
  angle_error_deg: 1.5248176344193192
  angle_error_rad: 0.02661308821308833
  steer_point: [0.21652274820581682, -0.12474146736417094]
  wheel_offset: -0.020222295328849286
  wheel_radius: 0.05547588858136483
2:
  angle_error_deg: 0.976892652573144
  angle_error_rad: 0.017049993225942417
  steer_point: [-0.2162181499337754, -0.12526336620219444]
  wheel_offset: -0.020307274767626393
  wheel_radius: 0.0559608544054436
3:
  angle_error_deg: 1.2149692722098866
  angle_error_rad: 0.021205214110621762
  steer_point: [-0.21666744564808418, 0.12647215882005677]
  wheel_offset: -0.020289947954639346
  wheel_radius: 0.055634766211159814
