0:
  angle_error_deg: 1.8844626730957026
  angle_error_rad: 0.03289007827645357
  steer_point: [0.2155097722293476, 0.12643864244018452]
  wheel_offset: -0.02064288681474805
  wheel_radius: 0.05557996760618695
1:
  angle_error_deg: 2.1702446036634577
  angle_error_rad: 0.03787791390756673
  steer_point: [0.21568636525115717, -0.124392740663553]
  wheel_offset: -0.020257266106449102
  wheel_radius: 0.055591084621792054
2:
  angle_error_deg: 0.6406342438446947
  angle_error_rad: 0.011181176856114139
  steer_point: [-0.21688459226728599, -0.12445150067065897]
  wheel_offset: -0.020245571082322947
  wheel_radius: 0.055946689414505854
3:
  angle_error_deg: 1.6049082878280656
  angle_error_rad: 0.02801093381514458
  steer_point: [-0.2154491495859084, 0.12711922710416595]
  wheel_offset: -0.020429729719052093
  wheel_radius: 0.05561451182730916
