0:
  angle_error_deg: 0.84785421047996
  angle_error_rad: 0.014797847549772314
  steer_point: [0.2165571364612275, 0.12719671178372924]
  wheel_offset: -0.020390818801838812
  wheel_radius: 0.054013858547475604
1:
  angle_error_deg: 2.2034048830901063
  angle_error_rad: 0.03845666996444308
  steer_point: [0.21663037666522988, -0.12460895810504513]
  wheel_offset: -0.020410261287050292
  wheel_radius: 0.05548040716473215
2:
  angle_error_deg: 0.6703675226433444
  angle_error_rad: 0.011700120468564001
  steer_point: [-0.21632339696403435, -0.12509023380349193]
  wheel_offset: -0.02054842418820836
  wheel_radius: 0.0559562360942884
3:
  angle_error_deg: 1.5727792173034603
  angle_error_rad: 0.027450175748884753
  steer_point: [-0.21668536683647624, 0.1266640072045425]
  wheel_offset: -0.020525190414581743
  wheel_radius: 0.05565052521851717
