0:
  angle_error_deg: 4.4806510090956415
  angle_error_rad: 0.07820211274152533
  steer_point: [0.2158097910065565, 0.1254656162077609]
  wheel_offset: -0.01922146824990518
  wheel_radius: 0.05557341003581195
1:
  angle_error_deg: 0.10649868825239388
  angle_error_rad: 0.001858752759059279
  steer_point: [0.21615081273121292, -0.1240619107546659]
  wheel_offset: -0.020410428893358035
  wheel_radius: 0.055734732858147264
2:
  angle_error_deg: -0.061002173705642454
  angle_error_rad: -0.001064688782036971
  steer_point: [-0.2137476258327682, -0.11726176344712026]
  wheel_offset: -0.024654560121718058
  wheel_radius: 0.05487525011834468
3:
  angle_error_deg: 1.2997856409270094
  angle_error_rad: 0.022685539004321076
  steer_point: [-0.21565930333245453, 0.12655775718915327]
  wheel_offset: -0.020442741293671872
  wheel_radius: 0.055585371605285615
