0:
  angle_error_deg: 0.6243179785046026
  angle_error_rad: 0.0108964043043005
  steer_point: [0.21616621000768813, 0.12695935165762856]
  wheel_offset: -0.02039293301466329
  wheel_radius: 0.053959694254431416
1:
  angle_error_deg: 1.5200270037632986
  angle_error_rad: 0.026529475934893798
  steer_point: [0.21652109533616537, -0.1247404339233559]
  wheel_offset: -0.020221163335898473
  wheel_radius: 0.05530360571424033
2:
  angle_error_deg: 0.9379673628803364
  angle_error_rad: 0.016370618758510314
  steer_point: [-0.21624017866259518, -0.12524124379837775]
  wheel_offset: -0.020312772217508705
  wheel_radius: 0.05596065642904193
3:
  angle_error_deg: 1.2051565277838021
  angle_error_rad: 0.02103394941172987
  steer_point: [-0.21666577709376322, 0.12647109075411264]
  wheel_offset: -0.020290961841301004
  wheel_radius: 0.055617418734929355
