0:
  angle_error_deg: 1.7631291417433135
  angle_error_rad: 0.030772408661282613
  steer_point: [0.2161077182058932, 0.12715650408886342]
  wheel_offset: -0.02057594827009188
  wheel_radius: 0.055655057549016104
1:
  angle_error_deg: 1.5070439632551969
  angle_error_rad: 0.026302879131107626
  steer_point: [0.21611820581998692, -0.12481896817075097]
  wheel_offset: -0.020143683994810025
  wheel_radius: 0.05562275777248969
2:
  angle_error_deg: 1.484218763875592
  angle_error_rad: 0.025904504249509352
  steer_point: [-0.21654435170068773, -0.12493575178777674]
  wheel_offset: -0.01975270026103401
  wheel_radius: 0.055877116281752924
3:
  angle_error_deg: 2.439760575449282
  angle_error_rad: 0.042581855001941504
  steer_point: [-0.21591837737414205, 0.12672050023638795]
  wheel_offset: -0.0201776762313571
  wheel_radius: 0.055585534922179665
