0:
  angle_error_deg: 0.6348903042608867
  angle_error_rad: 0.011080926198341057
  steer_point: [0.21616312402385457, 0.12696090870455162]
  wheel_offset: -0.020390678417116486
  wheel_radius: 0.053958151296525585
1:
  angle_error_deg: 1.5246551826547938
  angle_error_rad: 0.026610252894921693
  steer_point: [0.21652240039412154, -0.12474176225113812]
  wheel_offset: -0.020222345890799857
  wheel_radius: 0.05547595188898559
2:
  angle_error_deg: 0.9764341548697429
  angle_error_rad: 0.017041990931405238
  steer_point: [-0.21621931309528242, -0.1252645143264183]
  wheel_offset: -0.020305506675564786
  wheel_radius: 0.055961106171217474
3:
  angle_error_deg: 1.2153867008816033
  angle_error_rad: 0.021212499615335445
  steer_point: [-0.21666714750096033, 0.12647224774562646]
  wheel_offset: -0.020289691351655186
  wheel_radius: 0.055634766438475744
