0:
  angle_error_deg: 0.39763137393161524
  angle_error_rad: 0.006939976684335436
  steer_point: [0.2138521948323239, 0.12430310920331435]
  wheel_offset: -0.019067951232522536
  wheel_radius: 0.05590242422505982
1:
  angle_error_deg: -3.4484411172059737
  angle_error_rad: -0.06018665155639592
  steer_point: [0.2159708220539404, -0.12561845549043518]
  wheel_offset: -0.02108511046980241
  wheel_radius: 0.05624507433532209
2:
  angle_error_deg: 0.617444707599818
  angle_error_rad: 0.010776443096630478
  steer_point: [-0.21337818112513915, -0.12458906275424864]
  wheel_offset: -0.018988452162198466
  wheel_radius: 0.053969023265389396
3:
  angle_error_deg: 0.6757838592928325
  angle_error_rad: 0.011794653376494005
  steer_point: [-0.21536165855462394, 0.12732504234375114]
  wheel_offset: -0.02029615029845221
  wheel_radius: 0.055239537688372996
